0
14
1
3
2
25
10
12
0
2
17
23
0
9
30
11
27
0
2
21
31
63
17
0
43
2
1
7
0
11
31
31
1
0
0
17
13
24
15
0
5
4
43
13
11
13
12
32
11
1
0
0
3
11
7
7
7
6
1
0
16
1
9
3
19
2
3
4
4
1
0
6
14
17
12
37
25
9
30
22
7
2
12
16
22
3
0
12
23
0
11
47
16
0
39
21
11
0
2
5
21
12
0
0
1
10
28
1
2
7
6
0
3
34
15
2
0
5
19
10
12
13
4
13
17
8
9
6
15
7
19
4
21
1
12
2
3
0
1
8
3
8
0
10
27
20
38
6
6
45
7
18
8
4
14
2
27
7
1
3
20
0
0
9
8
12
7
19
8
1
2
0
6
0
0
8
21
29
11
3
11
32
16
2
48
32
29
23
10
23
2
14
18
18
9
19
31
15
12
39
33
11
20
27
6
13
22
8
12
0
8
13
8
13
4
0
0
18
21
8
0
1
15
20
2
7
5
10
5
2
30
0
24
4
10
25
6
16
0
27
3
28
16
0
0
27
11
1
32
27
19
1
34
8
1
1
43
5
3
1
0
1
58
4
20
5
27
11
9
44
1
11
0
30
5
1
0
5
32
2
13
0
13
43
4
2
6
22
9
1
1
0
5
13
1
0
4
0
17
5
17
0
6
0
16
0
13
10
33
15
37
0
11
25
0
1
12
19
1
0
2
12
24
4
11
3
3
32
56
0
0
0
9
3
3
0
20
12
16
8
13
6
35
23
7
5
4
23
32
19
0
2
16
8
2
5
18
14
18
13
11
30
0
16
10
16
9
0
47
34
6
15
18
26
0
17
5
0
30
8
9
37
0
0
29
2
0
1
15
55
0
0
54
11
19
10
17
0
47
2
7
4
6
0
10
36
47
0
17
4
7
26
11
36
4
40
18
17
40
12
0
25
31
11
43
12
45
12
3
11
3
20
1
40
12
0
8
8
28
3
15
3
15
5
15
0
5
0
0
3
35
18
10
15
1
8
0
29
19
12
0
5
12
0
12
0
34
14
26
1
6
14
27
2
6
0
16
10
37
4
39
0
9
12
19
46
7
21
6
30
19
42
15
4
22
30
14
4
10
29
4
7
0
17
6
4
3
0
1
70
36
0
0
9
8
0
4
10
1
2
0
8
0
0
4
3
2
5
12
1
0
0
7
2
34
10
0
4
9
0
0
31
4
14
10
0
14
1
3
18
1
15
2
9
19
3
0
18
15
10
18
3
25
0
3
0
13
4
32
24
6
0
34
2
0
4
5
0
25
6
5
1
39
36
0
0
0
1
35
7
0
26
2
1
3
27
14
23
4
9
36
5
32
21
2
35
27
43
22
6
31
0
15
23
36
8
0
39
20
1
7
7
32
28
34
18
12
13
20
21
1
34
10
3
18
22
7
34
0
13
0
6
0
13
5
6
24
3
7
0
0
2
14
13
3
9
13
36
3
18
18
29
4
2
1
0
9
6
5
0
30
0
0
21
0
4
18
21
39
8
14
0
1
2
0
0
15
4
2
8
12
0
13
12
18
29
0
4
5
17
11
9
15
7
50
30
7
0
16
2
22
14
1
7
39
4
36
36
29
35
6
46
17
27
0
2
8
28
7
10
43
17
7
11
30
1
20
2
11
0
26
23
1
0
2
4
26
34
29
6
2
6
1
17
3
22
0
16
5
0
8
3
1
4
0
35
28
6
28
37
29
7
13
17
5
11
22
21
35
24
38
0
8
3
32
12
2
2
17
1
21
1
17
2
30
0
11
31
17
0
2
8
36
21
38
6
27
2
7
1
3
0
1
43
2
12
35
37
18
1
1
31
0
25
7
0
28
0
12
8
33
11
9
31
0
21
8
0
19
3
22
11
0
1
22
41
3
35
1
2
19
1
12
4
25
7
0
7
46
36
48
0
7
12
13
8
24
23
18
12
5
13
4
9
0
6
36
16
10
32
31
0
51
23
2
44
25
0
