0
7
1
2
1
24
3
17
0
0
7
22
3
10
31
18
35
0
2
17
22
23
18
0
13
2
3
5
0
2
21
7
1
0
0
13
5
4
9
0
3
4
26
4
8
13
3
21
23
0
0
1
0
3
0
6
7
3
1
0
10
4
2
0
18
1
1
6
3
2
0
12
1
6
13
18
14
4
6
3
8
0
13
20
14
3
0
8
12
0
5
29
15
0
13
22
7
0
2
10
10
5
0
0
0
6
9
0
2
2
2
0
5
32
2
0
0
4
9
2
12
20
1
7
8
3
2
6
5
5
16
4
5
1
8
3
1
0
0
15
2
9
0
6
25
14
18
10
4
44
5
13
5
2
5
1
13
4
2
0
5
0
0
5
4
6
1
9
6
0
0
0
1
2
0
2
6
9
6
1
0
12
6
0
29
21
12
18
5
11
2
1
15
14
3
32
20
6
3
25
24
10
3
12
1
12
16
2
4
0
5
1
1
11
3
3
0
11
12
0
0
0
6
17
0
0
6
15
11
2
12
3
18
6
13
26
2
2
0
31
2
11
3
0
0
17
10
0
18
17
10
2
9
1
0
0
18
0
1
2
0
0
15
1
15
1
12
4
7
14
1
3
3
6
0
0
1
1
7
6
27
0
19
26
0
7
1
14
4
1
0
0
0
10
0
0
2
0
6
1
16
0
0
0
6
0
4
2
20
1
13
2
3
4
0
1
8
20
2
0
1
19
13
1
15
1
2
17
16
0
0
1
8
4
4
1
20
10
4
6
5
4
26
11
5
2
1
21
20
26
0
0
10
3
0
1
1
5
10
14
3
16
0
15
1
18
4
0
14
24
4
2
5
19
0
11
1
0
12
4
1
12
1
1
32
2
0
1
28
34
1
0
17
11
6
5
7
0
6
0
5
2
2
0
6
22
23
1
19
0
9
12
3
13
0
18
14
11
12
8
0
28
23
2
8
5
40
4
0
12
2
9
0
19
8
0
23
0
36
1
18
4
17
1
4
0
6
0
0
1
11
34
18
7
1
2
0
5
16
12
0
0
8
0
6
0
11
6
21
0
1
15
23
4
1
0
2
6
16
6
33
0
3
5
17
39
1
30
1
6
27
19
27
5
4
9
11
3
7
40
8
2
0
3
1
1
5
0
0
30
6
1
0
7
9
1
3
6
5
2
0
2
1
0
4
3
0
1
0
1
0
0
6
5
22
3
0
3
8
0
0
27
2
11
12
0
6
0
4
14
1
2
0
2
9
2
0
10
23
7
23
1
20
0
0
0
4
1
25
17
7
0
5
8
0
4
7
1
18
5
2
0
22
12
0
0
1
0
20
2
0
19
5
0
0
6
0
33
3
3
33
8
35
12
2
17
26
31
22
4
4
0
13
19
34
1
0
29
24
1
3
14
13
18
19
2
1
1
8
9
0
14
8
8
10
18
4
13
0
1
0
8
0
5
2
0
6
6
1
2
0
0
9
4
1
6
5
18
8
33
20
16
4
0
2
0
10
7
0
1
17
0
0
4
0
5
16
6
6
16
14
0
0
4
0
0
12
3
1
2
1
0
15
13
11
24
0
4
2
6
2
4
9
7
32
25
1
1
2
0
6
3
0
6
12
0
19
3
15
15
7
26
5
8
0
0
4
3
2
8
13
12
3
2
23
0
13
0
6
0
23
31
0
0
8
5
37
5
5
4
2
3
0
12
3
15
0
16
4
1
6
1
0
5
0
15
12
1
10
28
16
3
8
6
11
9
18
3
16
16
17
0
13
0
22
3
1
0
5
0
6
0
13
2
10
0
3
9
17
0
2
2
39
25
28
0
15
2
2
1
0
0
3
7
2
11
13
21
16
0
2
23
0
8
2
0
27
0
1
10
29
5
6
17
0
3
10
0
9
0
15
16
0
0
6
20
3
20
6
0
10
0
5
8
17
1
0
8
13
11
26
0
9
5
5
4
24
12
8
7
7
12
0
8
0
3
5
8
0
4
14
0
17
14
2
15
22
1
