1
64
15
29
7
82
82
78
1
36
46
64
10
57
80
64
82
5
25
74
81
82
68
7
82
32
14
30
3
60
61
74
24
2
9
81
81
74
66
5
49
82
77
71
65
81
62
79
82
5
7
11
36
81
29
26
54
27
19
2
81
9
56
51
80
70
38
39
61
19
6
65
81
66
75
78
81
81
82
68
69
6
74
82
80
64
14
41
64
2
49
82
75
1
80
81
60
4
18
65
61
80
3
6
6
82
72
2
11
33
67
2
41
82
79
11
1
68
75
59
81
82
18
68
59
33
31
73
66
80
82
62
81
23
77
21
11
13
24
66
20
64
4
60
73
66
82
69
59
75
72
72
49
43
56
9
82
38
24
38
82
9
1
39
82
51
25
81
49
46
42
1
36
10
3
81
74
59
61
14
35
82
70
9
82
73
80
77
58
76
39
70
78
81
60
79
82
68
69
82
61
68
82
79
18
81
71
76
81
5
51
60
51
65
15
26
3
51
80
52
3
10
68
75
4
27
53
76
54
59
79
7
72
51
80
79
51
82
1
82
38
80
68
2
6
82
56
13
81
61
64
27
82
70
4
9
72
57
12
21
11
27
74
18
82
26
81
63
75
82
11
74
14
82
33
3
13
66
76
20
76
10
69
81
46
52
49
72
66
26
5
3
24
75
4
3
40
2
67
30
40
3
56
1
61
1
72
58
72
79
81
26
49
81
7
10
43
71
14
6
22
76
78
26
72
12
58
76
79
1
8
9
50
15
42
1
82
49
76
49
73
21
74
80
48
32
16
70
81
73
5
16
31
32
3
12
72
71
82
80
74
82
1
81
51
82
49
7
82
82
61
46
82
66
7
69
41
4
75
54
38
72
6
29
82
43
2
11
70
82
8
5
77
67
81
53
79
2
80
3
82
25
50
1
47
82
82
10
81
39
80
82
60
80
29
80
82
70
76
69
1
75
82
57
81
70
74
57
21
72
47
71
8
82
55
13
78
22
73
22
72
43
80
26
79
4
36
5
2
37
81
81
73
64
10
13
2
41
78
82
1
36
65
7
73
12
72
66
59
2
82
82
82
47
55
4
73
82
82
47
62
1
65
82
60
80
41
75
25
62
82
77
81
82
81
82
77
64
81
82
45
25
3
76
29
31
65
7
3
82
77
3
1
57
72
6
46
53
59
49
1
77
3
1
58
34
18
51
68
5
3
4
61
55
82
58
1
65
78
11
5
82
27
82
63
1
82
17
33
81
4
77
27
60
82
11
3
74
67
81
70
53
81
11
40
2
48
19
82
79
59
1
78
44
10
46
82
11
82
44
66
4
81
76
1
3
3
11
72
52
2
65
41
11
13
82
79
68
53
66
82
32
81
82
14
75
80
82
82
58
81
4
67
69
75
36
1
81
80
10
44
57
65
82
82
82
54
49
80
81
10
80
60
31
78
68
75
78
2
65
2
67
11
50
39
29
82
40
28
13
1
12
82
82
12
73
61
76
52
71
75
82
68
9
24
4
63
80
16
17
79
1
1
46
3
16
80
76
79
78
77
4
3
30
4
1
60
27
22
34
68
19
57
62
67
82
5
39
38
74
82
71
80
59
79
79
78
3
62
9
61
60
4
37
78
28
78
79
82
82
62
82
73
80
4
13
45
80
38
48
80
68
55
80
61
7
82
14
70
3
79
82
2
3
58
55
79
80
82
41
40
51
2
78
17
80
1
74
53
1
80
19
5
56
3
68
78
27
76
82
75
72
58
81
75
17
66
71
76
82
81
4
79
11
71
64
14
5
73
6
68
7
69
42
66
10
80
82
81
2
51
53
82
82
77
45
81
14
34
30
21
3
64
79
50
80
76
72
63
2
50
82
1
60
66
6
78
3
69
73
82
58
81
68
7
71
44
2
72
18
69
80
4
10
75
82
21
81
43
8
78
7
77
23
78
73
3
64
80
78
82
2
65
76
57
57
80
70
78
82
73
72
34
60
4
40
82
70
56
82
80
1
82
56
24
80
79
2
